- name: New Black
  latitude: 52.375672
  longitude: 5.2148813
  radius: 250
- name: iClicks
  latitude: 52.5084895
  longitude: 5.471168
  radius: 250